(0.0,(2,[0,1],[0.289998707437,0.0700436767349]))
(1.0,(2,[0,1],[0.377573712947,0.121959690191]))
(0.0,(2,[0,1],[0.386195272666,0.148835417274]))
(0.0,(2,[0,1],[0.191922254781,0.192573589786]))
(0.0,(2,[0,1],[0.311956358802,0.273306886001]))
(0.0,(2,[0,1],[0.53207265156,0.297113503227]))
(0.0,(2,[0,1],[0.461599454581,0.311709658474]))
(0.0,(2,[0,1],[0.252890365159,0.384690408498]))
(1.0,(2,[0,1],[0.231206297419,0.391988483625]))
(0.0,(2,[0,1],[0.339626608307,0.40293559694]))
(0.0,(2,[0,1],[0.13224924718,0.406042346847]))
(1.0,(2,[0,1],[0.540204174645,0.413882710254]))
(1.0,(2,[0,1],[0.559828425496,0.469104194263]))
(0.0,(2,[0,1],[0.205641491427,0.509269872632]))
(1.0,(2,[0,1],[0.442625897626,0.512406728215]))
(0.0,(2,[0,1],[0.187401112261,0.521499277537]))
(1.0,(2,[0,1],[0.512400159961,0.537399717115]))
(0.0,(2,[0,1],[0.0929704142461,0.596334594674]))
(1.0,(2,[0,1],[0.412865472191,0.604756961787]))
(1.0,(2,[0,1],[0.432441315436,0.633477126204]))
(1.0,(2,[0,1],[0.523713607162,0.662909234303]))
(1.0,(2,[0,1],[0.335798588182,0.663568662123]))
(1.0,(2,[0,1],[0.342865709391,0.781967591843]))
(1.0,(2,[0,1],[0.285626180533,0.849247836711]))
(1.0,(2,[0,1],[0.517091971275,0.882913523829]))
